-1.010166210383336420e+03
-1.057817936086434656e+03
-1.510715413862652440e+03
-1.187256752618420023e+03
-1.074337809475699032e+03
-1.054626287833650622e+03
-1.103624611448941778e+03
-1.127719274043683527e+03
-1.408587905180753069e+03
-1.275761700470336109e+03
-8.492978709668178681e+02
-1.558707122339525540e+03
-1.377461597999210881e+03
-1.680775296794761061e+03
-1.839161347886092017e+03
-1.724828244473741961e+03
-1.335967774397336143e+03
-1.542567934366027202e+03
-1.757769036422941781e+03
-1.701508143833178565e+03
-1.548620281655852523e+03
-1.350903549377559330e+03
-1.469401978769437846e+03
-1.465877045807222430e+03
-1.651021801865252655e+03
-1.677940521863328740e+03
-1.584118071821844069e+03
-1.300357586666042153e+03
-1.215182448184537179e+03
-1.359151134053395253e+03
-1.340284971984536242e+03
-1.386726605560602593e+03
-1.514095194649563609e+03
-1.502006671881784769e+03
-1.265455028583425474e+03
-1.287164841675201615e+03
-1.490126990812780832e+03
-1.238374997886375695e+03
-1.576150718164833734e+03
-1.187225987521188245e+03
-1.342261217134791650e+03
-1.410510253042267777e+03
-1.200412826098395954e+03
-1.231838291461150902e+03
-1.083180399933895615e+03
-1.353767526465506535e+03
-1.379026825139974108e+03
-1.139245154436179519e+03
-1.084608296927921174e+03
-1.365069171016851215e+03
-1.092524248818643400e+03
-1.105090358308847726e+03
-1.445991213902290838e+03
-1.168770297355791172e+03
-1.286801906392191540e+03
-1.136286431069118407e+03
-1.267598815804919013e+03
-1.136380571908787488e+03
-1.118913648324150245e+03
-1.162951975702073469e+03
-1.111999721298894656e+03
-9.593273339572436953e+02
-1.042976936225124518e+03
-1.118944568726034049e+03
-9.827610685198731062e+02
-9.896387872543110689e+02
-1.163985631106089613e+03
-9.839443346135300317e+02
-1.007854335419296717e+03
-1.046308576560760230e+03
-1.101679705039631244e+03
-1.027250869689978117e+03
-8.760219395764841011e+02
-9.875994487949642462e+02
-9.918104918744716088e+02
-9.857978832936051958e+02
-9.858253435146257289e+02
-9.803378985949294702e+02
-7.502968524918545654e+02
-8.680466849990503988e+02
-7.322901014761275746e+02
-7.377397535547288498e+02
-7.514866877839665449e+02
-8.506890360352872449e+02
-1.073224264672605159e+03
-8.973447251769308650e+02
-9.659476022186927366e+02
-6.298971185337162524e+02
-7.403927901361739714e+02
-8.000713656478184248e+02
-6.300094108212053925e+02
-8.742001724796892859e+02
-6.603268036210974969e+02
-8.721194916098504564e+02
-6.182642888389642621e+02
-8.737942434342477327e+02
-6.401597300642557684e+02
-5.139575855744167256e+02
-6.464723372542649713e+02
-3.824349454687527441e+02
-6.386247770913881823e+02
-5.888084853424593348e+02
-7.438131300676669753e+02
-5.382356800653587925e+02
-5.059758430447781166e+02
-1.435662606349511918e+02
-6.340629315805558690e+02
-7.521000402641969913e+02
-2.599577515414989080e+02
-4.868169438214927141e+02
-6.105180066410882773e+02
-8.628617304917762567e+02
-2.601970044851946113e+02
-6.239625912934462804e+02
-1.316114948386180572e+02
-6.380107214783795371e+02
-3.837228585432897034e+02
-3.981558003753280559e+02
-3.841189901224672099e+02
-5.094679360024669563e+02
-7.315328766973952952e+02
-3.825282503050373180e+02
-2.529663870934231795e+02
-7.530186239484568205e+02
-1.302741802799114339e+02
-2.602805296556666690e+02
-3.724681556398628004e+02
-1.282781310549261491e+02
-3.866271163491985519e+00
-2.570314270570705162e+02
-2.415559237383575635e+02
-1.345154963367123173e+02
-2.555393230815992638e+02
-1.298872240414981150e+02
-2.500509518359718015e+02
-1.283181334714148818e+02
-2.568088443168298340e+02
-2.547004979849698429e+02
-3.765303279907211049e+02
-5.157282740373948400e+02
-3.827314982484727466e+02
-3.795029850690776243e+02
-3.738956884812850490e+02
-3.880142118479678288e+02
-2.581923476450727435e+02
-1.255963580044702042e+02
-2.569630576842920391e+02
-1.305439867551414750e+02
-3.002839593416052999e+00
-6.191828540730272152e+02
-3.761850575748334791e+02
-1.336598026917764912e+02
-1.277668664965592455e+02
-3.799407465851318761e+02
-2.273105213765906907e+00
-3.911247463728236085e+02
-3.709292394017294328e+02
-1.215280915467219387e+02
-2.583718343612419517e+02
-4.935792438224100920e+02
-1.307837324361831577e+02
-3.768943090492530814e+02
-2.559479952127534830e+02
-1.299234812832432624e+02
-1.335800290106909927e+02
-3.101233076973024083e+00
-1.269512092457528212e+02
-2.525784457498769200e+02
-3.793584607199369430e+02
-1.268531693647091458e+02
-5.235589709016653615e+02
-2.434501730108089248e+02
-1.308132870924709721e+02
-2.534988850115008745e+02
-2.522794002578653192e+02
-1.274771147804452482e+02
-1.250428047051928075e+02
-3.672786447383385777e+00
-4.095318196418685943e+02
-2.564507627383038653e+02
-2.462496492828719568e+02
-2.611687298676874889e+02
-1.289690264063537768e+02
-2.561321582379619599e+02
-4.037730599879851638e+02
-2.556496151759737643e+02
-1.318708869870842761e+02
-1.291883476025386130e+02
-3.850565797037697848e+02
-3.734975459954759547e+00
-3.763962669244826884e+02
-2.465090276701253629e+02
-3.759248609523960454e+02
-3.170242832446452663e+00
-2.553414712175175225e+02
-2.518587022169031400e+02
-2.527117305713794906e+02
-1.307462424217025045e+02
-3.003157810676333472e+00
-3.858744435019302728e+02
